[header]
width=100
height=16
tilewidth=16
tileheight=16
orientation=orthogonal
background_color=0,0,0,255

[tilesets]
tileset=../../CS3113/assets/sprite_sheets/arne_sprites.png,16,16,0,0

[layer]
type=Tile Layer 1
data=
90,0,0,0,0,0,0,0,0,0,0,0,0,0,0,0,0,0,0,0,0,0,0,0,0,0,0,0,0,0,0,0,0,0,0,0,0,0,0,0,0,0,0,0,0,0,0,0,0,0,0,0,0,0,0,0,0,0,0,0,0,0,0,0,0,0,0,0,0,0,0,0,0,0,0,0,0,0,0,0,0,0,0,0,0,0,0,0,0,0,0,0,0,0,0,0,0,0,0,0,
90,0,0,0,0,0,0,0,0,0,0,0,0,0,0,0,0,0,0,0,0,0,0,0,0,0,0,0,0,0,0,0,0,0,0,0,0,0,0,0,0,0,0,0,0,0,0,0,0,0,0,0,0,0,0,0,0,0,0,0,0,0,0,0,0,0,0,0,0,0,0,0,0,0,0,0,0,0,0,0,0,0,0,0,0,0,116,0,0,0,0,0,0,0,0,0,0,97,98,0,
92,0,0,0,0,0,0,0,0,0,0,0,0,0,0,0,0,0,0,0,0,0,0,0,0,0,0,0,0,0,0,0,0,0,0,0,0,0,0,0,0,0,0,0,0,0,0,0,0,0,0,0,0,0,0,0,0,0,0,0,0,0,0,0,116,0,0,0,0,0,0,0,0,0,0,0,0,0,0,0,0,0,0,0,0,0,0,0,0,0,0,0,0,0,0,0,0,0,0,0,
108,0,0,0,0,0,0,0,0,0,0,0,0,0,0,0,0,0,0,0,0,0,0,0,0,0,0,0,0,0,0,0,0,0,0,0,0,0,0,0,0,0,0,0,0,0,0,0,0,97,98,0,0,0,0,0,0,0,0,0,0,0,0,0,0,0,0,0,0,0,0,0,0,0,0,0,0,0,0,0,0,0,0,0,0,0,0,0,0,0,0,0,0,0,0,0,0,0,0,0,
124,0,0,0,0,0,0,0,0,0,0,0,0,0,0,0,0,0,0,97,98,0,0,0,0,0,0,0,0,0,0,97,98,0,0,0,0,0,0,0,0,0,0,0,0,0,0,0,0,0,0,0,0,0,0,0,0,0,0,0,0,0,0,0,0,0,0,0,0,0,0,0,0,0,0,0,0,0,0,116,0,0,0,0,0,0,0,0,0,0,0,0,0,0,0,0,0,0,0,0,
93,0,0,0,0,0,0,116,0,0,0,0,0,0,0,0,0,0,0,0,0,0,0,0,0,0,0,0,0,0,0,0,0,0,0,0,0,0,0,0,0,0,0,0,0,0,0,0,0,0,0,0,0,0,0,0,0,0,0,0,0,0,0,0,0,0,0,0,0,0,0,0,0,0,0,0,0,0,0,0,0,0,0,0,0,0,0,0,0,0,0,0,0,0,0,0,0,0,0,0,
109,0,0,0,0,0,0,0,0,0,0,0,0,0,0,0,0,0,0,0,0,0,0,0,0,0,0,0,0,0,0,0,0,0,0,0,0,0,0,0,0,0,0,0,0,0,0,0,0,0,0,0,0,0,0,0,0,0,0,0,0,0,0,0,0,0,0,0,0,0,0,0,0,0,0,0,0,0,0,0,0,0,0,0,0,0,0,0,0,0,0,0,0,0,0,0,0,0,0,0,
125,0,0,0,0,0,0,0,0,0,0,0,0,116,0,0,0,0,0,0,0,0,0,0,0,0,0,0,0,0,0,0,0,0,0,0,0,0,0,0,0,0,0,0,0,0,0,0,0,0,0,0,0,0,0,0,0,0,106,107,108,0,0,0,0,0,0,0,0,106,107,108,0,0,0,0,0,0,0,0,0,0,0,0,0,0,0,0,0,109,107,0,0,0,0,0,0,0,0,0,
122,0,0,0,0,0,0,0,0,0,0,0,0,0,0,0,0,0,0,0,0,0,0,0,0,0,0,0,0,0,0,0,0,0,0,0,0,0,0,0,0,0,0,0,0,0,0,0,0,0,0,0,0,0,0,0,0,0,0,0,0,0,0,0,0,0,0,0,0,0,0,0,0,0,0,0,0,0,0,0,0,0,0,0,0,0,0,108,107,107,107,108,109,0,0,0,0,20,20,20,
122,0,0,0,0,0,0,0,0,0,0,0,0,0,0,0,0,0,0,0,0,0,0,0,0,0,0,0,0,0,0,0,0,0,0,0,0,0,0,0,0,0,0,0,0,0,0,0,0,0,0,0,0,0,0,0,0,0,0,0,0,0,0,0,104,0,0,0,0,0,0,0,0,0,0,0,0,20,20,20,19,19,0,0,0,0,0,0,0,0,0,0,0,0,0,0,0,36,36,36,
122,0,0,0,0,0,0,0,0,0,0,0,0,0,0,0,0,0,0,0,0,0,0,0,94,95,0,0,0,0,0,0,94,95,0,0,0,0,0,0,0,0,0,0,0,0,0,0,0,0,0,0,0,0,0,0,0,0,0,0,0,0,0,0,120,0,0,0,0,0,0,0,0,0,0,0,0,36,36,36,35,35,0,0,0,0,0,0,0,0,0,0,0,0,0,0,0,34,35,36,
90,91,92,0,0,0,0,0,90,91,92,0,0,0,0,0,90,91,92,0,0,0,0,0,0,0,0,0,0,0,0,0,0,0,0,0,0,0,90,91,92,0,0,0,0,0,90,91,92,20,20,20,19,19,19,2,3,12,12,12,12,12,12,12,12,12,12,12,12,12,12,12,12,12,12,12,12,20,20,20,19,19,0,0,0,0,0,0,0,0,0,0,0,0,0,20,20,33,33,34,
106,107,108,0,0,0,0,0,35,107,108,0,0,0,0,0,106,107,108,0,0,0,0,0,0,0,0,0,0,0,0,0,0,0,0,0,0,0,106,107,108,0,0,0,0,0,106,107,108,36,36,36,35,35,35,12,12,12,12,12,12,12,12,12,12,12,12,12,12,12,12,12,12,12,12,12,12,36,36,36,20,20,20,19,19,0,0,0,0,0,0,0,0,0,0,36,36,33,33,34,
122,123,124,12,12,12,12,12,122,123,124,12,12,12,12,12,122,123,124,12,12,12,12,12,12,12,12,12,12,12,12,12,12,12,12,12,12,12,122,35,124,12,12,12,12,12,122,123,33,34,35,36,34,33,34,12,12,12,12,12,12,12,12,12,12,12,12,12,12,12,12,12,12,12,12,12,12,34,35,36,36,36,20,20,20,19,19,12,12,12,12,12,12,20,20,34,35,36,34,33,
35,123,124,12,12,12,12,12,122,123,124,12,12,12,12,12,122,123,124,12,12,12,12,12,12,12,12,12,12,12,12,12,12,12,12,12,12,12,122,123,124,12,12,12,12,12,122,107,124,33,33,34,35,36,34,12,12,12,12,12,12,12,12,12,12,12,12,12,12,12,12,12,12,12,12,12,12,33,33,34,34,35,36,36,36,35,35,12,12,12,12,12,12,36,36,33,33,34,35,36,
122,123,124,12,12,12,12,12,122,123,124,12,12,12,12,12,122,123,35,12,12,12,12,12,12,12,12,12,12,12,12,12,12,12,12,12,12,12,122,123,124,12,12,12,12,12,35,123,124,33,33,34,35,36,125,125,125,12,12,12,12,12,12,12,12,12,12,12,12,12,12,12,12,12,12,12,12,33,33,34,33,33,34,35,36,34,33,12,12,12,12,12,12,34,35,33,33,34,35,36

[ObjectsLayer]
type=Player
location=1,10,1,1

[ObjectsLayer]
type=Player2
location=89,7,1,1

